 <pre>

 Contingency table for Cloud cover (octas)
 Selection: ALL    609 stations
Period: 20230415-20230425
Used {00,03,...,21} + 03 06 ... 48
 Limits   0.500000000       1.50000000       2.50000000       3.50000000       4.50000000       5.50000000       6.50000000       7.50000000    
 Each class is data <= limit, the very last > last limit
 Total number of values      357300
                                                       OBSERVATION
                                  71673     6094     4822     2522     1217     1524     1930     2596     3414 |     95792
                                   9127     1430     1661     1210      616      968     1259     1764     2163 |     20198
                                   5304      843     1004      715      410      629     1011     1372     1804 |     13092
                                   4407      778      884      665      385      646     1017     1482     1658 |     11922
              43h22_ref_spring     3963      668      867      702      399      730     1145     1632     1877 |     11983
                                   3868      648      854      713      428      812     1254     1967     2164 |     12708
                                   4468      838      993      818      473      942     1608     2543     2853 |     15536
                                   6939     1170     1379     1178      728     1337     2503     4228     5355 |     24817
                                  16899     3644     3541     3568     2455     4850     9576    32396    74323 |    151252

                    SUM          126648    16113    16005    12091     7111    12438    21303    49980    95611 |    357300
                                                       OBSERVATION
                                  71796     6093     4830     2537     1221     1570     1932     2573     3295 |     95847
                                   9245     1376     1653     1149      581      953     1245     1755     2143 |     20100
                                   5240      865     1001      759      411      644      980     1413     1749 |     13062
                                   4473      769      864      705      388      653     1065     1480     1661 |     12058
        43h22_modesthin_spring     3987      662      851      713      420      718     1190     1640     1844 |     12025
                                   3871      703      877      740      437      804     1312     1991     2186 |     12921
                                   4487      826      957      752      490      891     1614     2489     2948 |     15454
                                   6752     1176     1421     1207      714     1326     2506     4366     5404 |     24872
                                  16797     3643     3551     3529     2449     4879     9459    32273    74381 |    150961

                    SUM          126648    16113    16005    12091     7111    12438    21303    49980    95611 |    357300

