 <pre>

 Contingency table for Cloud cover (octas)
 Selection: ALL    401 stations
Period: 20230415-20230514
Used {00,03,...,21} + 01 02 ... 48
 Limits   0.500000000       1.50000000       2.50000000       3.50000000       4.50000000       5.50000000       6.50000000       7.50000000    
 Each class is data <= limit, the very last > last limit
 Total number of values     1436677
                                                       OBSERVATION
                                 193850    33874    22770    12241     6759     7965     8253     9524    17359 |    312595
                                  28458     7544     7855     5567     3679     4616     5714     6395    12419 |     82247
                                  14761     4086     4650     3452     2379     3454     4505     4881    10304 |     52472
                                  12336     3600     4143     3259     2349     3403     4766     5017    10128 |     49001
              43h22_ref_spring    10816     3290     3922     3247     2366     3622     5166     5665    11234 |     49328
                                  10003     3017     3764     3216     2516     3850     5446     6628    13751 |     52191
                                  11022     3482     4123     3568     2743     4259     6807     8626    18814 |     63444
                                  15547     4638     5481     4897     3971     6181    10230    14974    35632 |    101551
                                  39582    12905    13280    13204    12144    20115    38134   107064   417420 |    673848

                    SUM          336375    76436    69988    52651    38906    57465    89021   168774   547061 |   1436677
                                                       OBSERVATION
                                 193608    33756    22908    12187     6761     7935     8203     9461    16951 |    311770
                                  28473     7387     7720     5552     3573     4770     5829     6416    12353 |     82073
                                  14765     4112     4660     3456     2488     3322     4416     4971    10269 |     52459
                                  12515     3714     4003     3271     2347     3399     4711     4977    10048 |     48985
        43h22_modesthin_spring    10834     3308     3890     3311     2425     3656     5279     5621    11445 |     49769
                                   9973     3055     3791     3228     2466     3592     5674     6662    13843 |     52284
                                  10880     3417     4126     3480     2824     4378     6686     8660    19004 |     63455
                                  15572     4683     5652     4932     3981     6284    10262    15296    35767 |    102429
                                  39755    13004    13238    13234    12041    20129    37961   106710   417381 |    673453

                    SUM          336375    76436    69988    52651    38906    57465    89021   168774   547061 |   1436677

