 <pre>

 Contingency table for Cloud cover (octas)
 Selection: ALL    401 stations
Period: 20230415-20230514
Used {00,03,...,21} + 03 06 ... 48
 Limits   0.500000000       1.50000000       2.50000000       3.50000000       4.50000000       5.50000000       6.50000000       7.50000000    
 Each class is data <= limit, the very last > last limit
 Total number of values      680229
                                                       OBSERVATION
                                  85013    16799    15608     7250     3177     4520     5315     3587     7766 |    149035
                                  12542     3549     5398     3309     1708     2690     3803     2476     5726 |     41201
                                   6465     1904     3183     2062     1112     2043     3079     1883     4745 |     26476
                                   5390     1663     2815     1967     1136     2048     3305     1976     4747 |     25047
              43h22_ref_spring     4776     1510     2577     1926     1147     2139     3551     2157     5311 |     25094
                                   4353     1351     2490     1883     1154     2221     3724     2508     6527 |     26211
                                   4686     1561     2664     2044     1225     2460     4613     3269     8752 |     31274
                                   6623     2013     3416     2692     1757     3349     6744     5632    16265 |     48491
                                  16006     5350     8132     7000     5484    10775    24406    40059   190188 |    307400

                    SUM          145854    35700    46283    30133    17900    32245    58540    63547   250027 |    680229
                                                       OBSERVATION
                                  84891    16602    15651     7183     3171     4499     5317     3571     7537 |    148422
                                  12631     3573     5246     3328     1613     2766     3906     2488     5664 |     41215
                                   6454     1948     3200     2112     1219     1936     3028     1907     4770 |     26574
                                   5554     1730     2743     1918     1126     2073     3257     1930     4681 |     25012
        43h22_modesthin_spring     4657     1507     2545     1992     1142     2124     3637     2183     5471 |     25258
                                   4393     1403     2524     1940     1152     2114     3906     2502     6563 |     26497
                                   4686     1537     2679     1953     1275     2477     4536     3273     8763 |     31179
                                   6534     2034     3574     2721     1770     3461     6748     5753    16518 |     49113
                                  16054     5366     8121     6986     5432    10795    24205    39940   190060 |    306959

                    SUM          145854    35700    46283    30133    17900    32245    58540    63547   250027 |    680229

