 <pre>

 Contingency table for Visibility (m)
 Selection: ALL    702 stations
Period: 20230415-20230514
Used {00,03,...,21} + 00 03 ... 48
 Limits    1000.00000       5000.00000       10000.0000       20000.0000    
 Each class is data <= limit, the very last > last limit
 Total number of values     1409140
                                     OBSERVATION
                                   4728     4871     3219     3247     2800 |     18865
                                   6765    23541    23979    30515    32916 |    117716
              43h22_ref_spring     1688     7260    17682    33704    51153 |    111487
                                    987     5182    26364    75252   174886 |    282671
                                   1114     6449    54816   233759   582263 |    878401

                    SUM           15282    47303   126060   376477   844018 |   1409140
                                     OBSERVATION
                                   4809     4920     3224     3174     2907 |     19034
                                   6701    23702    24011    30495    32906 |    117815
        43h22_modesthin_spring     1674     7143    17461    33412    50363 |    110053
                                    979     5064    26334    75196   174810 |    282383
                                   1119     6474    55030   234200   583032 |    879855

                    SUM           15282    47303   126060   376477   844018 |   1409140

