 <pre>

 Contingency table for Visibility (m)
 Selection: ALL    689 stations
Period: 20230415-20230425
Used {00,03,...,21} + 00 03 ... 48
 Limits    1000.00000       5000.00000       10000.0000       20000.0000    
 Each class is data <= limit, the very last > last limit
 Total number of values      465448
                                     OBSERVATION
                                   1620     1419     1049     1013      755 |      5856
                                   2144     8402     9155    11301    10989 |     41991
              43h22_ref_spring      491     2442     7287    14454    21107 |     45781
                                    325     1498     9348    27501    65820 |    104492
                                    382     1975    18495    75488   170988 |    267328

                    SUM            4962    15736    45334   129757   269659 |    465448
                                     OBSERVATION
                                   1662     1414     1035     1019      823 |      5953
                                   2075     8502     9202    11215    10960 |     41954
        43h22_modesthin_spring      512     2379     7240    14556    21121 |     45808
                                    348     1469     9402    27883    66720 |    105822
                                    365     1972    18455    75084   170035 |    265911

                    SUM            4962    15736    45334   129757   269659 |    465448

