 <pre>

 Contingency table for Rh2m (%)
 Selection: ALL   1031 stations
Period: 20230415-20230430
Used {00,03,...,21} + 00 03 ... 48
 Limits    30.0000000       50.0000000       65.0000000       75.0000000       85.0000000       95.0000000       100.000000    
 Each class is data <= limit, the very last > last limit
 Total number of values     1081098
                                              OBSERVATION
                                   6166     1544       19        3        1        0        0        0 |      7733
                                  25490    78587    13119     1899      559      164       10        0 |    119828
                                   3675    65414    91881    28259     9665     3330      365        0 |    202589
              43h22_ref_spring      518    17208    59076    59864    31063    10952     1624        0 |    180305
                                     91     5583    29169    49942    75214    38886     6365        0 |    205250
                                     12     1405    10757    25312    62783   111577    37319        0 |    249165
                                      2       97     1285     3892    11945    41734    56714        0 |    115669
                                      0        0        0        3       31      174      351        0 |       559

                    SUM           35954   169838   205306   169174   191261   206817   102748        0 |   1081098
                                              OBSERVATION
                                   6134     1591       20        2        0        0        0        0 |      7747
                                  25577    78754    13215     1915      518      168       10        0 |    120157
                                   3656    65272    92035    28292     9583     3235      333        0 |    202406
        43h22_modesthin_spring      495    17178    58718    60261    31237    11010     1536        0 |    180435
                                     76     5514    29206    49326    75053    38635     6218        0 |    204028
                                     16     1425    10830    25465    62803   111474    36892        0 |    248905
                                      0      104     1281     3910    12034    42123    57402        0 |    116854
                                      0        0        1        3       33      172      357        0 |       566

                    SUM           35954   169838   205306   169174   191261   206817   102748        0 |   1081098

