 <pre>

 Contingency table for Cloud cover (octas)
 Selection: ALL    611 stations
Period: 20230415-20230506
Used {00,03,...,21} + 03 06 ... 48
 Limits   0.500000000       1.50000000       2.50000000       3.50000000       4.50000000       5.50000000       6.50000000       7.50000000    
 Each class is data <= limit, the very last > last limit
 Total number of values      781744
                                                       OBSERVATION
                                 121779    14391    12022     6423     3396     4421     4766     6337     6832 |    180367
                                  17515     3588     4012     2952     1716     2707     3172     4556     4658 |     44876
                                   9669     2217     2417     1862     1137     1953     2631     3616     3774 |     29276
                                   8024     1881     2095     1709     1125     1902     2745     3835     3677 |     26993
              43h22_ref_spring     7155     1738     1962     1721     1158     2024     2974     4306     4044 |     27082
                                   6812     1642     1900     1707     1127     2056     3100     5029     5016 |     28389
                                   7660     1937     2190     1921     1276     2426     3844     6479     6764 |     34497
                                  11444     2710     2999     2754     1917     3453     5835    11004    12667 |     54783
                                  29810     9159     8341     8606     6560    12906    23034    77313   179752 |    355481

                    SUM          219868    39263    37938    29655    19412    33848    52101   122475   227184 |    781744
                                                       OBSERVATION
                                 122100    14335    12144     6393     3397     4455     4781     6274     6654 |    180533
                                  17493     3556     3935     2959     1636     2675     3276     4530     4618 |     44678
                                   9613     2223     2396     1925     1217     1915     2539     3750     3794 |     29372
                                   8075     1906     2058     1733     1132     1954     2787     3807     3695 |     27147
        43h22_modesthin_spring     7096     1719     1950     1774     1122     1962     2990     4308     4156 |     27077
                                   6920     1708     1904     1723     1163     2062     3208     5080     4967 |     28735
                                   7647     1968     2112     1807     1282     2352     3777     6376     6877 |     34198
                                  11195     2764     3048     2784     1903     3503     5855    11155    12664 |     54871
                                  29729     9084     8391     8557     6560    12970    22888    77195   179759 |    355133

                    SUM          219868    39263    37938    29655    19412    33848    52101   122475   227184 |    781744

