 <pre>

 Contingency table for Rh2m (%)
 Selection: ALL   1029 stations
Period: 20230415-20230423
Used {00,03,...,21} + 00 03 ... 48
 Limits    30.0000000       50.0000000       65.0000000       75.0000000       85.0000000       95.0000000       100.000000    
 Each class is data <= limit, the very last > last limit
 Total number of values      578988
                                              OBSERVATION
                                   5337     1072       15        1        1        0        0        0 |      6426
                                  20480    51006     6896     1154      359       73        4        0 |     79972
                                   2837    43986    45855    12588     4632     1672      240        0 |    111810
              43h22_ref_spring      420    12374    33839    29656    14637     5132      811        0 |     96869
                                     70     3872    18112    28370    38101    17758     2769        0 |    109052
                                      8      722     6137    15688    35310    53217    14836        0 |    125918
                                      1       33      646     2021     6344    19620    20092        0 |     48757
                                      0        0        0        1        7       47      129        0 |       184

                    SUM           29153   113065   111500    89479    99391    97519    38881        0 |    578988
                                              OBSERVATION
                                   5339     1086       14        1        0        0        0        0 |      6440
                                  20532    51108     6920     1150      318       70        5        0 |     80103
                                   2807    43934    46050    12640     4545     1608      210        0 |    111794
        43h22_modesthin_spring      409    12393    33743    29828    14720     5121      731        0 |     96945
                                     55     3824    18019    28047    38155    17721     2721        0 |    108542
                                     11      686     6118    15771    35349    53101    14612        0 |    125648
                                      0       34      636     2041     6296    19853    20467        0 |     49327
                                      0        0        0        1        8       45      135        0 |       189

                    SUM           29153   113065   111500    89479    99391    97519    38881        0 |    578988

