 <pre>

 Contingency table for Rh2m (%)
 Selection: ALL   1029 stations
Period: 20230415-20230425
Used {00,03,...,21} + 00 03 ... 48
 Limits    30.0000000       50.0000000       65.0000000       75.0000000       85.0000000       95.0000000       100.000000    
 Each class is data <= limit, the very last > last limit
 Total number of values      727592
                                              OBSERVATION
                                   5841     1221       16        3        1        0        0        0 |      7082
                                  23496    59603     8522     1256      421       97        4        0 |     93399
                                   3318    50376    57786    16157     5900     2106      252        0 |    135895
              43h22_ref_spring      468    13897    41565    37617    18941     6648      936        0 |    120072
                                     78     4466    21322    34442    48522    24904     3829        0 |    137563
                                      8      966     7377    18214    43175    72372    22142        0 |    164254
                                      1       50      796     2377     7678    26886    31224        0 |     69012
                                      0        0        0        1       11       87      216        0 |       315

                    SUM           33210   130579   137384   110067   124649   133100    58603        0 |    727592
                                              OBSERVATION
                                   5821     1235       15        2        0        0        0        0 |      7073
                                  23560    59598     8506     1247      369      100        5        0 |     93385
                                   3304    50425    58032    16234     5774     2023      223        0 |    136015
        43h22_modesthin_spring      451    13873    41460    37801    19060     6655      843        0 |    120143
                                     63     4449    21202    34063    48563    24811     3686        0 |    136837
                                     11      953     7384    18341    43180    72228    21881        0 |    163978
                                      0       46      785     2378     7690    27196    31739        0 |     69834
                                      0        0        0        1       13       87      226        0 |       327

                    SUM           33210   130579   137384   110067   124649   133100    58603        0 |    727592

