 <pre>

 Contingency table for Rh2m (%)
 Selection: ALL   1033 stations
Period: 20230415-20230506
Used {00,03,...,21} + 00 03 ... 48
 Limits    30.0000000       50.0000000       65.0000000       75.0000000       85.0000000       95.0000000       100.000000    
 Each class is data <= limit, the very last > last limit
 Total number of values     1586986
                                              OBSERVATION
                                   8881     2985       42        4        1        0        0        0 |     11913
                                  34745   138414    25469     3212     1032      334       25        0 |    203231
                                   4646    95245   154407    47225    15822     5539      656        0 |    323540
              43h22_ref_spring      568    21516    86821    96778    50994    17860     2654        0 |    277191
                                     97     6524    37025    72263   112946    57812     9340        0 |    296007
                                     17     1770    12821    31950    82704   151108    48567        0 |    328937
                                      4      125     1534     4645    14029    52358    72615        0 |    145310
                                      0        0        0        3       35      260      559        0 |       857

                    SUM           48958   266579   318119   256080   277563   285271   134416        0 |   1586986
                                              OBSERVATION
                                   8867     3091       52        2        0        0        0        0 |     12012
                                  34817   138417    25517     3197      973      329       23        0 |    203273
                                   4632    95180   154826    47310    15704     5428      654        0 |    323734
        43h22_modesthin_spring      540    21499    86269    96943    51235    17868     2518        0 |    276872
                                     79     6470    37071    71812   112755    57506     9162        0 |    294855
                                     21     1797    12858    32217    82763   151005    48050        0 |    328711
                                      2      125     1525     4596    14098    52888    73451        0 |    146685
                                      0        0        1        3       35      247      558        0 |       844

                    SUM           48958   266579   318119   256080   277563   285271   134416        0 |   1586986

