 <pre>

 Contingency table for Rh2m (%)
 Selection: ALL   1055 stations
Period: 20230415-20230514
Used {00,03,...,21} + 00 01 ... 48
 Limits    30.0000000       50.0000000       65.0000000       75.0000000       85.0000000       95.0000000       100.000000    
 Each class is data <= limit, the very last > last limit
 Total number of values     5663999
                                              OBSERVATION
                                  34195     9569      191       25        8        0        0        0 |     43988
                                 166579   510862    84277    11705     3489     1074       79        0 |    778065
                                  20886   380577   512687   162705    57175    19687     2504        0 |   1156221
              43h22_ref_spring     2861    91549   310568   311715   174128    63630     9626        0 |    964077
                                    383    30189   151273   259368   362006   192850    31432        0 |   1027501
                                     69     7660    59113   127874   305667   491113   166860        0 |   1158356
                                      7      476     6606    19140    56492   192967   251643        0 |    527331
                                      0        0        0       10      141     1502     6807        0 |      8460

                    SUM          224980  1030882  1124715   892542   959106   962823   468951        0 |   5663999
                                              OBSERVATION
                                  34554     9773      187       18        8        0        0        0 |     44540
                                 166608   512237    84927    11741     3340     1043       81        0 |    779977
                                  20630   379863   513850   163256    57233    19580     2496        0 |   1156908
        43h22_modesthin_spring     2760    90900   309311   312241   175145    63659     9423        0 |    963439
                                    358    30060   150729   258071   361086   192194    31087        0 |   1023585
                                     64     7577    59137   127950   305143   491065   165708        0 |   1156644
                                      6      472     6573    19255    57011   193862   253300        0 |    530479
                                      0        0        1       10      140     1420     6856        0 |      8427

                    SUM          224980  1030882  1124715   892542   959106   962823   468951        0 |   5663999

