 <pre>

 Contingency table for Cloud cover (octas)
 Selection: ALL    609 stations
Period: 20230415-20230427
Used {00,03,...,21} + 03 06 ... 48
 Limits   0.500000000       1.50000000       2.50000000       3.50000000       4.50000000       5.50000000       6.50000000       7.50000000    
 Each class is data <= limit, the very last > last limit
 Total number of values      440779
                                                       OBSERVATION
                                  75184     7012     5670     3049     1437     1942     2363     3173     3812 |    103642
                                  10457     1842     2099     1577      796     1268     1656     2249     2563 |     24507
                                   6043     1140     1329      945      545      873     1361     1779     2171 |     16186
                                   4986     1014     1150      858      540      880     1362     1918     1987 |     14695
              43h22_ref_spring     4591      944     1118      944      549     1028     1526     2175     2247 |     15122
                                   4484      926     1103      969      594     1136     1687     2555     2691 |     16145
                                   5147     1137     1284     1110      664     1313     2150     3381     3619 |     19805
                                   7883     1578     1831     1602     1062     1938     3367     5578     6681 |     31520
                                  19684     5037     4957     5025     3603     7277    13244    42783    97547 |    199157

                    SUM          138459    20630    20541    16079     9790    17655    28716    65591   123318 |    440779
                                                       OBSERVATION
                                  75294     7006     5691     3077     1445     1982     2405     3133     3658 |    103691
                                  10546     1807     2095     1505      764     1277     1631     2248     2553 |     24426
                                   5998     1157     1323      996      552      891     1272     1823     2114 |     16126
                                   5081     1011     1103      916      537      876     1423     1928     2009 |     14884
        43h22_modesthin_spring     4580      953     1093      953      569     1018     1602     2151     2275 |     15194
                                   4485      953     1134      993      603     1102     1798     2627     2714 |     16409
                                   5150     1124     1250     1034      689     1286     2137     3249     3682 |     19601
                                   7688     1620     1877     1610     1049     1918     3357     5759     6758 |     31636
                                  19637     4999     4975     4995     3582     7305    13091    42673    97555 |    198812

                    SUM          138459    20630    20541    16079     9790    17655    28716    65591   123318 |    440779

