 <pre>

 Contingency table for Visibility (m)
 Selection: ALL    716 stations
Period: 20230415-20230514
Used {00,03,...,21} + 00 01 ... 48
 Limits    1000.00000       5000.00000       10000.0000       20000.0000    
 Each class is data <= limit, the very last > last limit
 Total number of values     3475825
                                     OBSERVATION
                                  12322    12957     8308     7907     8229 |     49723
                                  17444    59023    55809    73514    92344 |    298134
              43h22_ref_spring     4479    16631    37009    78949   147357 |    284425
                                   2545    10542    45183   159397   484255 |    701922
                                   2995    13012    76892   457364  1591358 |   2141621

                    SUM           39785   112165   223201   777131  2323543 |   3475825
                                     OBSERVATION
                                  12612    13133     8338     7872     8426 |     50381
                                  17212    59384    56033    73354    92225 |    298208
        43h22_modesthin_spring     4508    16150    36807    78941   145739 |    282145
                                   2541    10487    44857   158745   483204 |    699834
                                   2912    13011    77166   458219  1593949 |   2145257

                    SUM           39785   112165   223201   777131  2323543 |   3475825

