 <pre>

 Contingency table for Rh2m (%)
 Selection: ALL   1043 stations
Period: 20230415-20230514
Used {00,03,...,21} + 00 03 ... 48
 Limits    30.0000000       50.0000000       65.0000000       75.0000000       85.0000000       95.0000000       100.000000    
 Each class is data <= limit, the very last > last limit
 Total number of values     2197085
                                              OBSERVATION
                                  20248     5078       62        4        6        0        0        0 |     25398
                                  70419   206789    33292     4495     1318      489       36        0 |    316838
                                   8463   145271   203718    60608    20907     7739      981        0 |    447687
              43h22_ref_spring     1420    35370   117350   124120    65220    23660     3808        0 |    370948
                                    246    12596    56285    96253   143978    74290    12108        0 |    395756
                                     28     3387    22346    47297   110166   193035    62571        0 |    438830
                                      4      227     2647     7502    21668    71080    95521        0 |    198649
                                      0        0        0        4       52      530     2393        0 |      2979

                    SUM          100828   408718   435700   340283   363315   370823   177418        0 |   2197085
                                              OBSERVATION
                                  20169     5190       70        2        7        0        0        0 |     25438
                                  70547   207059    33500     4494     1270      473       36        0 |    317379
                                   8493   145035   204355    60864    20823     7641      969        0 |    448180
        43h22_modesthin_spring     1362    35312   116506   124338    65616    23659     3661        0 |    370454
                                    225    12478    56291    95618   143619    74096    12043        0 |    394370
                                     30     3415    22312    47480   110211   192984    62177        0 |    438609
                                      2      229     2665     7483    21720    71460    96107        0 |    199666
                                      0        0        1        4       49      510     2425        0 |      2989

                    SUM          100828   408718   435700   340283   363315   370823   177418        0 |   2197085

