 <pre>

 Contingency table for Visibility (m)
 Selection: ALL    685 stations
Period: 20230414-20230419
Used {00,03,...,21} + 00 03 ... 48
 Limits    1000.00000       5000.00000       10000.0000       20000.0000    
 Each class is data <= limit, the very last > last limit
 Total number of values      169018
                                     OBSERVATION
                                    588      558      498      409      198 |      2251
                                    501     2427     3965     4348     2220 |     13461
              43h22_ref_spring      174     1043     3915     7706     7773 |     20611
                                    116      566     4102    11553    27008 |     43345
                                     43      278     5615    23712    59702 |     89350

                    SUM            1422     4872    18095    47728    96901 |    169018
                                     OBSERVATION
                                    607      573      484      404      210 |      2278
                                    487     2481     3979     4302     2207 |     13456
        43h22_modesthin_spring      174     1009     3964     7747     7805 |     20699
                                    112      551     4090    11576    27172 |     43501
                                     42      258     5578    23699    59507 |     89084

                    SUM            1422     4872    18095    47728    96901 |    169018

