 <pre>

 Contingency table for Rh2m (%)
 Selection: ALL   1055 stations
Period: 20230415-20230514
Used {00,03,...,21} + 00 03 ... 48
 Limits    30.0000000       50.0000000       65.0000000       75.0000000       85.0000000       95.0000000       100.000000    
 Each class is data <= limit, the very last > last limit
 Total number of values     2261868
                                              OBSERVATION
                                  20606     5455       55        4        6        0        0        0 |     26126
                                  71845   217376    34655     4475     1332      485       35        0 |    330203
                                   8544   150776   210126    62399    21797     7872      999        0 |    462513
              43h22_ref_spring     1429    36395   120005   127775    67808    24332     3910        0 |    381654
                                    236    12830    57874    98575   148489    75918    12444        0 |    406366
                                     29     3453    22889    48222   113276   196502    64618        0 |    448989
                                      4      221     2698     7578    22095    72440    97941        0 |    202977
                                      0        0        0        1       68      533     2438        0 |      3040

                    SUM          102693   426506   448302   349029   374871   378082   182385        0 |   2261868
                                              OBSERVATION
                                  20535     5592       58        3        7        0        0        0 |     26195
                                  71984   217775    34861     4496     1277      463       39        0 |    330895
                                   8564   150423   210717    62746    21729     7815      999        0 |    462993
        43h22_modesthin_spring     1363    36286   119246   127756    68323    24307     3786        0 |    381067
                                    213    12716    57834    98030   148004    75703    12351        0 |    404851
                                     32     3484    22882    48433   113303   196408    64195        0 |    448737
                                      2      230     2703     7564    22152    72877    98538        0 |    204066
                                      0        0        1        1       76      509     2477        0 |      3064

                    SUM          102693   426506   448302   349029   374871   378082   182385        0 |   2261868

