 <pre>

 Contingency table for Visibility (m)
 Selection: ALL    688 stations
Period: 20230415-20230423
Used {00,03,...,21} + 00 03 ... 48
 Limits    1000.00000       5000.00000       10000.0000       20000.0000    
 Each class is data <= limit, the very last > last limit
 Total number of values      370799
                                     OBSERVATION
                                   1021      935      777      800      576 |      4109
                                   1043     4386     6278     8382     7875 |     27964
              43h22_ref_spring      324     1828     5893    12405    17369 |     37819
                                    247     1102     7786    23180    56366 |     88681
                                    179     1266    13565    56673   140543 |    212226

                    SUM            2814     9517    34299   101440   222729 |    370799
                                     OBSERVATION
                                   1034      930      762      789      626 |      4141
                                   1005     4456     6294     8286     7838 |     27879
        43h22_modesthin_spring      346     1789     5881    12401    17435 |     37852
                                    275     1108     7856    23595    57163 |     89997
                                    154     1234    13506    56369   139667 |    210930

                    SUM            2814     9517    34299   101440   222729 |    370799

