 <pre>

 Contingency table for Cloud cover (octas)
 Selection: ALL    608 stations
Period: 20230415-20230423
Used {00,03,...,21} + 03 06 ... 48
 Limits   0.500000000       1.50000000       2.50000000       3.50000000       4.50000000       5.50000000       6.50000000       7.50000000    
 Each class is data <= limit, the very last > last limit
 Total number of values      283956
                                                       OBSERVATION
                                  67685     5175     3697     2036     1003     1165     1480     2181     3093 |     87515
                                   7966     1123     1138      903      456      692      873     1395     1864 |     16410
                                   4645      645      739      531      304      446      711     1105     1494 |     10620
                                   3855      589      615      455      294      430      717     1170     1334 |      9459
              43h22_ref_spring     3440      522      625      501      284      523      794     1215     1534 |      9438
                                   3389      510      602      526      336      607      880     1486     1717 |     10053
                                   3938      665      730      615      354      714     1200     1934     2181 |     12331
                                   6196      930     1016      909      565      973     1948     3214     4024 |     19775
                                  14918     2785     2684     2618     1749     3555     7303    23800    48943 |    108355

                    SUM          116032    12944    11846     9094     5345     9105    15906    37500    66184 |    283956
                                                       OBSERVATION
                                  67884     5175     3696     2049     1002     1178     1492     2160     2978 |     87614
                                   8076     1075     1151      857      446      687      855     1392     1844 |     16383
                                   4561      655      712      556      302      460      685     1110     1459 |     10500
                                   3885      579      583      510      291      469      771     1144     1413 |      9645
        43h22_modesthin_spring     3439      514      607      512      319      511      817     1261     1483 |      9463
                                   3385      546      611      537      315      585      928     1548     1721 |     10176
                                   3933      669      717      555      378      666     1203     1888     2273 |     12282
                                   6031      957     1058      903      546      996     1940     3315     4020 |     19766
                                  14838     2774     2711     2615     1746     3553     7215    23682    48993 |    108127

                    SUM          116032    12944    11846     9094     5345     9105    15906    37500    66184 |    283956

