 <pre>

 Contingency table for Visibility (m)
 Selection: ALL    692 stations
Period: 20230415-20230506
Used {00,03,...,21} + 00 03 ... 48
 Limits    1000.00000       5000.00000       10000.0000       20000.0000    
 Each class is data <= limit, the very last > last limit
 Total number of values     1012716
                                     OBSERVATION
                                   3038     3970     2517     2536     2300 |     14361
                                   5106    20307    19485    24782    24820 |     94500
              43h22_ref_spring     1095     5589    13404    26828    38097 |     85013
                                    644     3782    18590    53848   121493 |    198357
                                    918     5846    40957   167446   405318 |    620485

                    SUM           10801    39494    94953   275440   592028 |   1012716
                                     OBSERVATION
                                   3156     4028     2548     2472     2400 |     14604
                                   5019    20465    19475    24738    24819 |     94516
        43h22_modesthin_spring     1065     5497    13229    26604    37495 |     83890
                                    627     3630    18550    53841   121831 |    198479
                                    934     5874    41151   167785   405483 |    621227

                    SUM           10801    39494    94953   275440   592028 |   1012716

