 <pre>

 Contingency table for Rh2m (%)
 Selection: ALL   1029 stations
Period: 20230415-20230427
Used {00,03,...,21} + 00 03 ... 48
 Limits    30.0000000       50.0000000       65.0000000       75.0000000       85.0000000       95.0000000       100.000000    
 Each class is data <= limit, the very last > last limit
 Total number of values      894551
                                              OBSERVATION
                                   5950     1292       16        3        1        0        0        0 |      7262
                                  24322    67374    10560     1572      485      131        4        0 |    104448
                                   3620    58206    75843    22613     7915     2573      301        0 |    171071
              43h22_ref_spring      506    16143    50643    47982    24371     8452     1209        0 |    149306
                                     87     5315    26096    41675    60563    31126     4686        0 |    169548
                                     10     1275     9574    22056    51959    89321    28391        0 |    202586
                                      1       76     1095     3352     9997    33345    42147        0 |     90013
                                      0        0        0        1       11       89      216        0 |       317

                    SUM           34496   149681   173827   139254   155302   165037    76954        0 |    894551
                                              OBSERVATION
                                   5929     1310       15        2        0        0        0        0 |      7256
                                  24394    67422    10629     1571      445      133        5        0 |    104599
                                   3604    58185    75989    22737     7837     2514      271        0 |    171137
        43h22_modesthin_spring      486    16143    50373    48172    24617     8515     1135        0 |    149441
                                     69     5263    26076    41132    60330    30870     4527        0 |    168267
                                     14     1280     9667    22275    51993    89205    27994        0 |    202428
                                      0       78     1077     3364    10067    33711    42795        0 |     91092
                                      0        0        1        1       13       89      227        0 |       331

                    SUM           34496   149681   173827   139254   155302   165037    76954        0 |    894551

