 <pre>

 Contingency table for Cloud cover (octas)
 Selection: ALL    608 stations
Period: 20230414-20230419
Used {00,03,...,21} + 03 06 ... 48
 Limits   0.500000000       1.50000000       2.50000000       3.50000000       4.50000000       5.50000000       6.50000000       7.50000000    
 Each class is data <= limit, the very last > last limit
 Total number of values      123125
                                                       OBSERVATION
                                  26722     1788     1289      807      451      506      552     1070     1609 |     34794
                                   2857      425      328      368      213      280      347      676     1071 |      6565
                                   1725      242      235      204      131      167      240      553      847 |      4344
                                   1341      227      179      158      122      161      244      533      776 |      3741
              43h22_ref_spring     1225      185      195      185      102      168      251      592      916 |      3819
                                   1222      192      205      179      124      213      317      683     1026 |      4161
                                   1418      238      230      222      129      216      422      892     1256 |      5023
                                   2265      343      333      319      226      378      729     1578     2333 |      8504
                                   6271      951     1035     1041      664     1425     2908    11700    26179 |     52174

                    SUM           45046     4591     4029     3483     2162     3514     6010    18277    36013 |    123125
                                                       OBSERVATION
                                  26924     1761     1251      816      446      506      544     1040     1545 |     34833
                                   2873      391      324      315      193      261      347      670     1016 |      6390
                                   1592      255      217      231      131      175      225      523      852 |      4201
                                   1420      214      200      189      115      157      262      560      792 |      3909
        43h22_modesthin_spring     1205      193      177      194      121      176      258      598      877 |      3799
                                   1198      214      190      179      116      193      320      754      999 |      4163
                                   1451      258      235      204      146      214      437      900     1292 |      5137
                                   2186      349      379      307      224      381      743     1608     2329 |      8506
                                   6197      956     1056     1048      670     1451     2874    11624    26311 |     52187

                    SUM           45046     4591     4029     3483     2162     3514     6010    18277    36013 |    123125

