 <pre>

 Contingency table for Rh2m (%)
 Selection: ALL   1028 stations
Period: 20230414-20230419
Used {00,03,...,21} + 00 03 ... 48
 Limits    30.0000000       50.0000000       65.0000000       75.0000000       85.0000000       95.0000000       100.000000    
 Each class is data <= limit, the very last > last limit
 Total number of values      263004
                                              OBSERVATION
                                   3245      701        7        0        0        0        0        0 |      3953
                                  10637    18531     3206      464      108       24        2        0 |     32972
                                   2057    17296    19751     5358     1860      556       45        0 |     46923
              43h22_ref_spring      317     5669    13645    13960     6982     1989      282        0 |     42844
                                     64     1784     7025    12734    19888     9285     1365        0 |     52145
                                      8      340     2184     5708    16528    29576     8004        0 |     62348
                                      1       21      210      597     1940     8746    10234        0 |     21749
                                      0        0        0        0        0       20       50        0 |        70

                    SUM           16329    44342    46028    38821    47306    50196    19982        0 |    263004
                                              OBSERVATION
                                   3237      711        6        0        0        0        0        0 |      3954
                                  10693    18689     3252      480      119       27        2        0 |     33262
                                   2020    17199    19840     5415     1850      556       48        0 |     46928
        43h22_modesthin_spring      319     5669    13680    14051     7083     1987      282        0 |     43071
                                     50     1730     6877    12611    19899     9340     1372        0 |     51879
                                     10      322     2179     5712    16473    29489     7860        0 |     62045
                                      0       22      194      552     1882     8776    10366        0 |     21792
                                      0        0        0        0        0       21       52        0 |        73

                    SUM           16329    44342    46028    38821    47306    50196    19982        0 |    263004

