 <pre>

 Contingency table for Visibility (m)
 Selection: ALL    716 stations
Period: 20230415-20230514
Used {00,03,...,21} + 00 03 ... 48
 Limits    1000.00000       5000.00000       10000.0000       20000.0000    
 Each class is data <= limit, the very last > last limit
 Total number of values     1469040
                                     OBSERVATION
                                   4915     5075     3421     3480     2980 |     19871
                                   7065    24126    24804    31745    34846 |    122586
              43h22_ref_spring     1738     7195    17833    34001    53529 |    114296
                                   1012     5054    26705    75532   183528 |    291831
                                   1193     6460    55441   236557   620805 |    920456

                    SUM           15923    47910   128204   381315   895688 |   1469040
                                     OBSERVATION
                                   5046     5127     3436     3411     3111 |     20131
                                   6961    24326    24837    31724    34786 |    122634
        43h22_modesthin_spring     1709     7038    17639    33744    52659 |    112789
                                   1009     4918    26681    75460   183415 |    291483
                                   1198     6501    55611   236976   621717 |    922003

                    SUM           15923    47910   128204   381315   895688 |   1469040

