 <pre>

 Contingency table for Visibility (m)
 Selection: ALL    691 stations
Period: 20230415-20230430
Used {00,03,...,21} + 00 03 ... 48
 Limits    1000.00000       5000.00000       10000.0000       20000.0000    
 Each class is data <= limit, the very last > last limit
 Total number of values      691384
                                     OBSERVATION
                                   2497     3444     1919     1918     1853 |     11631
                                   4259    17327    15393    18699    19632 |     75310
              43h22_ref_spring      816     4013    10071    19997    28753 |     63650
                                    492     2545    12675    37053    85416 |    138181
                                    674     3937    27939   111878   258184 |    402612

                    SUM            8738    31266    67997   189545   393838 |    691384
                                     OBSERVATION
                                   2601     3484     1960     1878     1968 |     11891
                                   4156    17456    15433    18589    19535 |     75169
        43h22_modesthin_spring      832     3981     9961    19962    28444 |     63180
                                    489     2445    12580    37244    86108 |    138866
                                    660     3900    28063   111872   257783 |    402278

                    SUM            8738    31266    67997   189545   393838 |    691384

