 <pre>

 Contingency table for Visibility (m)
 Selection: ALL    689 stations
Period: 20230415-20230427
Used {00,03,...,21} + 00 03 ... 48
 Limits    1000.00000       5000.00000       10000.0000       20000.0000    
 Each class is data <= limit, the very last > last limit
 Total number of values      572308
                                     OBSERVATION
                                   2023     2109     1333     1365     1163 |      7993
                                   3277    11929    11995    14972    15255 |     57428
              43h22_ref_spring      640     3084     8428    17130    24727 |     54009
                                    382     1867    10904    32125    75012 |    120290
                                    490     2752    22776    92508   214062 |    332588

                    SUM            6812    21741    55436   158100   330219 |    572308
                                     OBSERVATION
                                   2123     2145     1360     1350     1241 |      8219
                                   3173    12000    12009    14878    15229 |     57289
        43h22_modesthin_spring      660     3060     8429    17217    24647 |     54013
                                    392     1858    10983    32667    76214 |    122114
                                    464     2678    22655    91988   212888 |    330673

                    SUM            6812    21741    55436   158100   330219 |    572308

