 <pre>

 Contingency table for Cloud cover (octas)
 Selection: ALL    612 stations
Period: 20230415-20230514
Used {00,03,...,21} + 03 06 ... 48
 Limits   0.500000000       1.50000000       2.50000000       3.50000000       4.50000000       5.50000000       6.50000000       7.50000000    
 Each class is data <= limit, the very last > last limit
 Total number of values     1082185
                                                       OBSERVATION
                                 182929    21445    17331     9007     4540     6013     6499     8389     8996 |    265149
                                  28451     5354     6184     4199     2367     3675     4459     6002     6082 |     66773
                                  16135     3169     3701     2659     1583     2690     3575     4689     4877 |     43078
                                  13569     2754     3306     2484     1596     2662     3791     4932     4716 |     39810
              43h22_ref_spring    12160     2530     3046     2475     1613     2831     4071     5563     5071 |     39360
                                  11547     2415     2969     2456     1583     2913     4271     6424     6272 |     40850
                                  13605     2835     3214     2736     1749     3297     5235     8253     8507 |     49431
                                  20208     3918     4279     3755     2573     4660     7741    14124    15899 |     77157
                                  50150    13035    11292    11378     8746    16960    29159    95914   223943 |    460577

                    SUM          348754    57455    55322    41149    26350    45701    68801   154290   284363 |   1082185
                                                       OBSERVATION
                                 183307    21346    17373     9001     4513     6029     6488     8352     8768 |    265177
                                  28491     5324     6062     4174     2285     3659     4553     5984     5981 |     66513
                                  15990     3145     3706     2759     1698     2641     3482     4836     4876 |     43133
                                  13770     2817     3228     2470     1588     2712     3799     4891     4702 |     39977
        43h22_modesthin_spring    12029     2513     3027     2561     1603     2792     4140     5509     5294 |     39468
                                  11631     2512     2988     2495     1636     2842     4431     6467     6216 |     41218
                                  13617     2837     3205     2619     1793     3293     5148     8177     8597 |     49286
                                  19826     3986     4366     3781     2556     4748     7788    14306    15994 |     77351
                                  50093    12975    11367    11289     8678    16985    28972    95768   223935 |    460062

                    SUM          348754    57455    55322    41149    26350    45701    68801   154290   284363 |   1082185

