 <pre>

 Contingency table for Cloud cover (octas)
 Selection: ALL    611 stations
Period: 20230415-20230430
Used {00,03,...,21} + 03 06 ... 48
 Limits   0.500000000       1.50000000       2.50000000       3.50000000       4.50000000       5.50000000       6.50000000       7.50000000    
 Each class is data <= limit, the very last > last limit
 Total number of values      532546
                                                       OBSERVATION
                                  87233     8865     7333     3945     1903     2531     3021     3822     4548 |    123201
                                  12219     2321     2607     1915     1053     1596     2035     2784     3056 |     29586
                                   6956     1418     1597     1187      685     1144     1673     2131     2518 |     19309
                                   5681     1245     1382     1092      684     1140     1708     2320     2329 |     17581
              43h22_ref_spring     5222     1176     1332     1158      689     1275     1881     2619     2629 |     17981
                                   5013     1119     1270     1121      730     1386     2035     3004     3174 |     18852
                                   5754     1351     1523     1322      808     1613     2540     3945     4290 |     23146
                                   8738     1892     2129     1865     1267     2304     3890     6596     7955 |     36636
                                  22154     6185     5822     6009     4380     8673    15376    52038   125617 |    246254

                    SUM          158970    25572    24995    19614    12199    21662    34159    79259   156116 |    532546
                                                       OBSERVATION
                                  87425     8841     7368     3959     1912     2572     3044     3793     4398 |    123312
                                  12267     2277     2573     1878      975     1622     2051     2734     3017 |     29394
                                   6795     1452     1596     1234      746     1130     1587     2216     2472 |     19228
                                   5806     1238     1327     1129      680     1140     1766     2305     2384 |     17775
        43h22_modesthin_spring     5202     1163     1297     1170      709     1253     1926     2606     2657 |     17983
                                   5083     1182     1313     1167      735     1370     2135     3078     3198 |     19261
                                   5763     1354     1445     1217      833     1563     2495     3810     4369 |     22849
                                   8521     1922     2190     1908     1226     2281     3893     6781     8085 |     36807
                                  22108     6143     5886     5952     4383     8731    15262    51936   125536 |    245937

                    SUM          158970    25572    24995    19614    12199    21662    34159    79259   156116 |    532546

